0.739843,0.739843,1,15,66,96NodeID:0	
0.890445,0.890445,4,6,38,67,78,80NodeID:10	
0.648529,0.648529,6,28,40,49,51,67,89NodeID:11	
1.226945,1.226945,37,72NodeID:1	
0.996486,0.996486,24,28,50,55,67,85,98NodeID:12	
0.906560,0.906560,25,32,33,35,76NodeID:13	
0.329965,0.329965,36,39,44,62,98NodeID:14	
1.210415,1.210415,47,70,79,95,97NodeID:15	
0.624039,0.624039,45,52,67,80NodeID:16	
0.552042,0.552042,18,39,41,53,63,72,79,99NodeID:17	
1.040359,1.040359,52,61,62,87NodeID:18	
0.882386,0.882386,27,33,37,45,92NodeID:19	
1.149121,1.149121,7,94NodeID:20	
1.014356,1.014356,31,63NodeID:2	
1.368489,1.368489NodeID:21	
1.045249,1.045249,25,65,72,83,97NodeID:22	
0.569837,0.569837,92,99NodeID:23	
1.018325,1.018325,9,10,18,38,55,93,94NodeID:24	
0.813041,0.813041,63NodeID:25	
0.834114,0.834114,15,23,28,64NodeID:26	
1.331210,1.331210,32,68,70,92NodeID:27	
0.877155,0.877155,21,25,72NodeID:28	
0.863562,0.863562,18,23,31,36,86NodeID:29	
0.868661,0.868661,80,84,95NodeID:30	
0.742643,0.742643,30,42,45,86NodeID:3	
2.135718,2.135718,29,36,46,49,54,62,70,85NodeID:31	
0.976984,0.976984,2,3,6,27,47,69,71,91NodeID:32	
0.995199,0.995199,2,56,58,86NodeID:33	
0.967083,0.967083,0,7,77,78NodeID:34	
0.496870,0.496870,12,18,62,64,65,66,83,91NodeID:35	
0.769145,0.769145,12,20,30,34,61,75,77,99NodeID:36	
1.313957,1.313957,40,59,71,97NodeID:37	
1.161329,1.161329,30,41,98NodeID:38	
1.151898,1.151898,31,43,68,71,92NodeID:39	
0.727689,0.727689,7,71,72,73NodeID:40	
0.741327,0.741327,24,42,46,86NodeID:4	
0.946168,0.946168,44,45,49,66NodeID:41	
0.572383,0.572383,36,45,70,89,99NodeID:42	
0.918537,0.918537,4,21,24,56,67,68,80,86,90NodeID:43	
0.627778,0.627778,17,37,38NodeID:44	
1.440411,1.440411,18,53,58,83,86,90NodeID:45	
0.817350,0.817350,78NodeID:46	
0.511164,0.511164,5,14,52,70,73NodeID:47	
0.150000,0.150000,18,39,61,79,89NodeID:48	
1.142192,1.142192,2,29,31,39,84NodeID:49	
0.827572,0.827572,0,20,46,68NodeID:50	
0.480594,0.480594,2,9,24,50,61,81,98NodeID:5	
0.924698,0.924698,38,45,61,71NodeID:51	
0.842164,0.842164,27,31,64,91NodeID:52	
0.601562,0.601562,2,13,65,78,95NodeID:53	
0.681392,0.681392,12,69,77NodeID:54	
0.681106,0.681106,10,19,22,25,51,58,62NodeID:55	
0.541297,0.541297,29,36,80,96,98NodeID:56	
0.816718,0.816718,86,94,96,98NodeID:57	
0.865483,0.865483,16,38,71,73,78NodeID:58	
0.502475,0.502475,10,24,69,92NodeID:59	
0.547451,0.547451,14,49,53,56,65NodeID:60	
0.691568,0.691568,15,22,58,80NodeID:6	
0.733154,0.733154,6,9,18,20,99NodeID:61	
1.016816,1.016816,11,22,33,91NodeID:62	
1.723573,1.723573,3,64,65,72NodeID:63	
1.009478,1.009478,3,27,28,31,33,39,78NodeID:64	
0.988267,0.988267,27,88NodeID:65	
1.010564,1.010564,8,19,72,81,83,98NodeID:66	
0.695257,0.695257,2,26,30,31,32,45NodeID:67	
0.891316,0.891316,1,6,19,28,40,81,85NodeID:68	
0.881496,0.881496,12,22,42,46,55,72,88NodeID:69	
1.204035,1.204035,20,63,99NodeID:70	
0.998516,0.998516,12,21,38,57,93NodeID:7	
1.509564,1.509564,15,16,45,84,97NodeID:71	
1.927420,1.927420,10,49,51,92,93,95NodeID:72	
0.538664,0.538664,41,50,51,84,92NodeID:73	
0.432262,0.432262,35,54,84NodeID:74	
0.434742,0.434742,29,34,37,51,54,65,85,91NodeID:75	
0.893502,0.893502,9NodeID:76	
0.630288,0.630288,0,5,32,37,40,41,44,69,79,83,85,86,87NodeID:77	
1.631517,1.631517,13,19,34,82NodeID:78	
0.983924,0.983924,0,26,43,74,90NodeID:79	
1.183030,1.183030,31,79NodeID:80	
0.344752,0.344752,13,41,59,87NodeID:8	
0.586881,0.586881,5,21,26,78,93,96NodeID:81	
0.676109,0.676109,2,23,24,32,52,53NodeID:82	
1.270358,1.270358,1,4,10,18,27,29,70NodeID:83	
1.060966,1.060966,9,21NodeID:84	
0.693556,0.693556,32,54,57,64,69,90,99NodeID:85	
1.329203,1.329203,11,60,71,95NodeID:86	
0.485548,0.485548,8,19,20,27,30,47,54,63NodeID:87	
1.266439,1.266439,21,26,44,50,55,82NodeID:88	
0.578783,0.578783,16,32,35,38,40,57,58NodeID:89	
0.916466,0.916466,1,26,52,93,96NodeID:90	
0.747822,0.747822,12,24,66,81,95NodeID:91	
1.667035,1.667035,33,39,41,43,51,69,80NodeID:9	
1.611636,1.611636,22,34,39,57NodeID:92	
0.955393,0.955393,15,43,66,75NodeID:93	
1.054927,1.054927,4,17,20,90NodeID:94	
1.386793,1.386793,76,88NodeID:95	
0.811730,0.811730,12,13,24,31,60,74NodeID:96	
1.069305,1.069305,37,50,62,89NodeID:97	
1.123233,1.123233,5,13,15,28,49,66,92,94NodeID:98	
1.179859,1.179859,1,83NodeID:99	
